## htsjdk.samtools.metrics.StringHeader
# CollectInsertSizeMetrics HISTOGRAM_FILE=/lustre/fs4/risc_lab/scratch/jyeung/for_Hide/ATAC_deep_sequencing_Novogene_10112024/Justin_ATAC_pipeline/atac_5_bam_FLD/atacHAK025_noncentromeric_FLD.pdf HISTOGRAM_WIDTH=1000 INPUT=/lustre/fs4/risc_lab/scratch/jyeung/for_Hide/ATAC_deep_sequencing_Novogene_10112024/Justin_ATAC_pipeline/atac_4_bam_markduplicates/atacHAK025/atacHAK025_noncentromere.bam OUTPUT=/lustre/fs4/risc_lab/scratch/jyeung/for_Hide/ATAC_deep_sequencing_Novogene_10112024/Justin_ATAC_pipeline/atac_5_bam_FLD/atacHAK025_noncentromeric_insertdata.txt VERBOSITY=ERROR QUIET=true USE_JDK_DEFLATER=true USE_JDK_INFLATER=true    DEVIATIONS=10.0 MINIMUM_PCT=0.05 METRIC_ACCUMULATION_LEVEL=[ALL_READS] INCLUDE_DUPLICATES=false ASSUME_SORTED=true STOP_AFTER=0 VALIDATION_STRINGENCY=STRICT COMPRESSION_LEVEL=5 MAX_RECORDS_IN_RAM=500000 CREATE_INDEX=false CREATE_MD5_FILE=false GA4GH_CLIENT_SECRETS=client_secrets.json
## htsjdk.samtools.metrics.StringHeader
# Started on: Sun Jul 27 15:19:48 EDT 2025

## METRICS CLASS	picard.analysis.InsertSizeMetrics
MEDIAN_INSERT_SIZE	MODE_INSERT_SIZE	MEDIAN_ABSOLUTE_DEVIATION	MIN_INSERT_SIZE	MAX_INSERT_SIZE	MEAN_INSERT_SIZE	STANDARD_DEVIATION	READ_PAIRS	PAIR_ORIENTATION	WIDTH_OF_10_PERCENT	WIDTH_OF_20_PERCENT	WIDTH_OF_30_PERCENT	WIDTH_OF_40_PERCENT	WIDTH_OF_50_PERCENT	WIDTH_OF_60_PERCENT	WIDTH_OF_70_PERCENT	WIDTH_OF_80_PERCENT	WIDTH_OF_90_PERCENT	WIDTH_OF_95_PERCENT	WIDTH_OF_99_PERCENT	SAMPLE	LIBRARY	READ_GROUP
127	44	76	23	2000	180.052305	166.909099	73955580	FR	53	91	117	139	153	167	183	297	647	995	2655			

## HISTOGRAM	java.lang.Integer
insert_size	All_Reads.fr_count
23	1548
24	2718
25	6380
26	17726
27	32433
28	43810
29	47470
30	47652
31	54335
32	78170
33	113169
34	159356
35	249625
36	364009
37	427049
38	472022
39	569764
40	697738
41	874035
42	1051445
43	1207093
44	1209105
45	1087398
46	883025
47	721759
48	626252
49	638938
50	697443
51	798694
52	893188
53	952729
54	937644
55	843477
56	699879
57	573167
58	483993
59	466560
60	485123
61	538687
62	587007
63	626499
64	628457
65	588176
66	508994
67	432052
68	368038
69	348211
70	346657
71	374828
72	404880
73	430986
74	435714
75	423721
76	382855
77	343457
78	297486
79	276976
80	267672
81	278563
82	294425
83	311442
84	317947
85	317285
86	295389
87	274072
88	242737
89	223524
90	213003
91	215413
92	221575
93	234513
94	239169
95	239868
96	230061
97	217229
98	197063
99	185433
100	171726
101	171135
102	173899
103	181439
104	184794
105	186994
106	183108
107	176778
108	165224
109	154702
110	144862
111	142265
112	139859
113	144942
114	147458
115	151587
116	149952
117	148923
118	144426
119	134675
120	124618
121	122085
122	119513
123	120823
124	122715
125	128246
126	128109
127	129479
128	131313
129	125156
130	121362
131	126821
132	120060
133	110950
134	105997
135	110071
136	113540
137	127835
138	141552
139	137243
140	128753
141	130332
142	121364
143	107846
144	100624
145	101146
146	105594
147	115910
148	129306
149	147303
150	184331
151	224396
152	221746
153	172799
154	132485
155	123380
156	124532
157	130310
158	137096
159	143047
160	142924
161	147191
162	146413
163	148429
164	155188
165	171049
166	189171
167	207600
168	209181
169	195545
170	175236
171	165571
172	161982
173	167546
174	180821
175	204158
176	227522
177	237959
178	227362
179	208574
180	187101
181	177939
182	173673
183	177453
184	185358
185	199008
186	210252
187	217173
188	213560
189	204103
190	194584
191	188747
192	186470
193	190434
194	196028
195	204242
196	208671
197	211398
198	207491
199	202905
200	196480
201	194803
202	195576
203	200975
204	206320
205	213336
206	214839
207	212507
208	205252
209	197133
210	190579
211	188031
212	189878
213	196315
214	199623
215	205363
216	204863
217	202807
218	194303
219	185739
220	177356
221	172978
222	171687
223	175468
224	177090
225	179781
226	180232
227	175711
228	168524
229	161693
230	154148
231	150092
232	146968
233	146993
234	147451
235	148508
236	146299
237	143763
238	136996
239	132020
240	125757
241	121732
242	118809
243	117472
244	116081
245	115274
246	113472
247	110983
248	107483
249	103880
250	98801
251	95518
252	92496
253	90732
254	89456
255	88455
256	86496
257	84830
258	82549
259	80568
260	77214
261	75017
262	72133
263	71021
264	69711
265	69338
266	67666
267	66740
268	65133
269	64118
270	61822
271	60507
272	58633
273	57821
274	57140
275	55682
276	55293
277	54703
278	53559
279	53611
280	51820
281	51128
282	49405
283	48866
284	48452
285	47614
286	46875
287	46688
288	46431
289	46597
290	45545
291	45492
292	44430
293	43624
294	42762
295	41680
296	41869
297	41900
298	42450
299	42679
300	42419
301	42088
302	41582
303	40619
304	39296
305	39115
306	38764
307	39102
308	39041
309	39804
310	39064
311	40317
312	39551
313	39443
314	38183
315	38288
316	37643
317	37625
318	37719
319	38509
320	38782
321	39838
322	38807
323	39234
324	38474
325	37886
326	37095
327	37648
328	37598
329	38170
330	38827
331	39277
332	39274
333	39494
334	39229
335	38891
336	38401
337	38148
338	38321
339	39025
340	38776
341	39837
342	40566
343	40699
344	40703
345	40745
346	40266
347	40614
348	39866
349	40592
350	40864
351	41176
352	41644
353	42374
354	42015
355	42611
356	42390
357	42757
358	42448
359	43262
360	42591
361	43001
362	42959
363	43366
364	43703
365	44175
366	44223
367	44513
368	44558
369	44815
370	44524
371	44777
372	44180
373	44593
374	45164
375	45289
376	45669
377	46188
378	46437
379	46098
380	45821
381	46353
382	46009
383	46048
384	46275
385	46327
386	46734
387	46638
388	46889
389	46919
390	46675
391	47078
392	46556
393	46742
394	46466
395	46550
396	46525
397	46880
398	46859
399	47081
400	46951
401	46715
402	46381
403	46206
404	45995
405	45915
406	45701
407	45786
408	45760
409	45564
410	45163
411	44750
412	44603
413	44025
414	43564
415	43767
416	43240
417	43203
418	42510
419	42500
420	41985
421	41729
422	41604
423	40669
424	40435
425	40447
426	39655
427	39311
428	39149
429	38816
430	38003
431	37610
432	37080
433	37153
434	36559
435	36140
436	35539
437	35268
438	34750
439	34738
440	33908
441	33728
442	32885
443	32743
444	32181
445	31647
446	31544
447	30953
448	30383
449	30547
450	29612
451	29332
452	28904
453	28729
454	28640
455	27923
456	27743
457	27372
458	27102
459	27016
460	26239
461	26207
462	25827
463	25520
464	25271
465	25387
466	24866
467	24822
468	24253
469	24183
470	23885
471	24189
472	23494
473	23838
474	23464
475	23300
476	22822
477	22896
478	22543
479	22851
480	22421
481	22142
482	22038
483	21925
484	21730
485	21812
486	21571
487	21461
488	21322
489	21112
490	21447
491	20995
492	20751
493	20615
494	20526
495	20820
496	20609
497	20761
498	20456
499	20766
500	20591
501	20309
502	20414
503	20496
504	20059
505	20267
506	20066
507	20177
508	20232
509	20365
510	20456
511	20446
512	20202
513	20538
514	20414
515	20270
516	20600
517	20615
518	20265
519	20583
520	20312
521	20493
522	20603
523	20578
524	20689
525	20699
526	20313
527	20519
528	20665
529	20703
530	20679
531	20777
532	20578
533	20820
534	20775
535	20912
536	20601
537	20871
538	20914
539	21074
540	20917
541	21194
542	20761
543	21033
544	20829
545	21097
546	21110
547	21078
548	20901
549	21212
550	21220
551	21481
552	21287
553	21352
554	21083
555	21617
556	21334
557	21073
558	21285
559	21393
560	21175
561	21225
562	21250
563	21163
564	21122
565	21434
566	21484
567	21511
568	21652
569	21449
570	21383
571	21194
572	21205
573	21112
574	21247
575	21262
576	21032
577	21278
578	20889
579	21134
580	20835
581	20988
582	20750
583	20917
584	20590
585	20768
586	20789
587	20869
588	20380
589	20585
590	20258
591	20588
592	20248
593	20368
594	20294
595	20377
596	20164
597	19872
598	19766
599	19627
600	19965
601	19742
602	19420
603	19495
604	19172
605	19357
606	19217
607	19084
608	18886
609	19053
610	18494
611	18679
612	18457
613	18334
614	17941
615	17962
616	17873
617	18045
618	17322
619	17445
620	17279
621	17228
622	16997
623	16960
624	16581
625	16348
626	16421
627	16083
628	15792
629	15936
630	15388
631	15457
632	15812
633	15631
634	15193
635	15015
636	14584
637	14713
638	14598
639	14192
640	14266
641	14144
642	13859
643	13893
644	13667
645	13532
646	13423
647	13602
648	13167
649	13020
650	12646
651	12748
652	12801
653	12478
654	12548
655	12443
656	12391
657	12066
658	11891
659	11909
660	11958
661	11754
662	11583
663	11816
664	11488
665	11400
666	11417
667	11336
668	11017
669	11138
670	11129
671	11031
672	10773
673	10599
674	10563
675	10532
676	10419
677	10312
678	10193
679	10339
680	9949
681	10234
682	10042
683	9912
684	9989
685	10045
686	9706
687	9976
688	9769
689	9733
690	9785
691	9580
692	9548
693	9457
694	9381
695	9513
696	9341
697	9217
698	9230
699	9138
700	9103
701	9290
702	9176
703	9104
704	8913
705	9050
706	8775
707	8752
708	8713
709	8949
710	8559
711	8720
712	8601
713	8579
714	8463
715	8499
716	8488
717	8597
718	8396
719	8352
720	8171
721	8301
722	8057
723	8261
724	7933
725	7907
726	7975
727	7944
728	7839
729	7690
730	7736
731	7731
732	7737
733	7753
734	7738
735	7677
736	7457
737	7512
738	7391
739	7419
740	7511
741	7517
742	7247
743	7323
744	7389
745	7354
746	7167
747	7172
748	7183
749	7232
750	7140
751	7141
752	6993
753	6925
754	6995
755	6894
756	6993
757	6916
758	6921
759	6888
760	6779
761	6717
762	6465
763	6540
764	6385
765	6437
766	6450
767	6482
768	6223
769	6272
770	6242
771	6131
772	6135
773	6164
774	6084
775	6133
776	6098
777	6054
778	6025
779	6029
780	6033
781	6115
782	6013
783	6077
784	5899
785	5945
786	5881
787	5938
788	6016
789	6051
790	5827
791	5670
792	5524
793	5594
794	5382
795	5655
796	5458
797	5372
798	5264
799	5266
800	5135
801	5180
802	4958
803	4817
804	4871
805	4833
806	4831
807	4742
808	4672
809	4685
810	4703
811	4529
812	4607
813	4495
814	4454
815	4516
816	4324
817	4255
818	4388
819	4274
820	4304
821	4231
822	4129
823	4076
824	4162
825	4064
826	4096
827	4090
828	4051
829	4042
830	3954
831	4034
832	3880
833	3868
834	3817
835	3820
836	3628
837	3671
838	3766
839	3725
840	3672
841	3604
842	3471
843	3699
844	3607
845	3506
846	3422
847	3389
848	3440
849	3486
850	3468
851	3470
852	3263
853	3339
854	3289
855	3267
856	3242
857	3307
858	3306
859	3294
860	3255
861	3244
862	3285
863	3183
864	3154
865	3154
866	3029
867	3072
868	3068
869	3108
870	3093
871	3086
872	3048
873	3030
874	3046
875	3053
876	2959
877	2981
878	2982
879	2870
880	2888
881	2995
882	2919
883	2946
884	2853
885	2740
886	2903
887	2835
888	3026
889	2945
890	2870
891	2941
892	2843
893	2905
894	2875
895	2930
896	2909
897	2839
898	2864
899	2778
900	2743
901	2813
902	2767
903	2983
904	2900
905	2687
906	2853
907	2795
908	2743
909	2734
910	2765
911	2714
912	2775
913	2795
914	2786
915	2799
916	2765
917	2732
918	2774
919	2785
920	2775
921	2847
922	2751
923	2738
924	2791
925	2766
926	2768
927	2647
928	2608
929	2659
930	2587
931	2650
932	2656
933	2692
934	2656
935	2676
936	2659
937	2518
938	2511
939	2598
940	2562
941	2577
942	2438
943	2488
944	2566
945	2620
946	2483
947	2566
948	2490
949	2568
950	2392
951	2460
952	2352
953	2357
954	2346
955	2440
956	2258
957	2411
958	2312
959	2268
960	2276
961	2235
962	2365
963	2279
964	2327
965	2273
966	2194
967	2330
968	2308
969	2261
970	2279
971	2354
972	2257
973	2271
974	2158
975	2255
976	2218
977	2305
978	2216
979	2245
980	2206
981	2232
982	2224
983	2174
984	2259
985	2271
986	2162
987	2123
988	2067
989	2236
990	2127
991	2148
992	2215
993	2138
994	2042
995	2172
996	2135
997	2119
998	2000
999	2021
1000	2030

