## htsjdk.samtools.metrics.StringHeader
# CollectInsertSizeMetrics HISTOGRAM_FILE=/lustre/fs4/risc_lab/scratch/jyeung/for_Hide/ATAC_deep_sequencing_Novogene_10112024/Justin_ATAC_pipeline/atac_5_bam_FLD/atacHAK025_centromeric_FLD.pdf HISTOGRAM_WIDTH=1000 INPUT=/lustre/fs4/risc_lab/scratch/jyeung/for_Hide/ATAC_deep_sequencing_Novogene_10112024/Justin_ATAC_pipeline/atac_4_bam_markduplicates/atacHAK025/atacHAK025_centromere.bam OUTPUT=/lustre/fs4/risc_lab/scratch/jyeung/for_Hide/ATAC_deep_sequencing_Novogene_10112024/Justin_ATAC_pipeline/atac_5_bam_FLD/atacHAK025_centromeric_insertdata.txt VERBOSITY=ERROR QUIET=true USE_JDK_DEFLATER=true USE_JDK_INFLATER=true    DEVIATIONS=10.0 MINIMUM_PCT=0.05 METRIC_ACCUMULATION_LEVEL=[ALL_READS] INCLUDE_DUPLICATES=false ASSUME_SORTED=true STOP_AFTER=0 VALIDATION_STRINGENCY=STRICT COMPRESSION_LEVEL=5 MAX_RECORDS_IN_RAM=500000 CREATE_INDEX=false CREATE_MD5_FILE=false GA4GH_CLIENT_SECRETS=client_secrets.json
## htsjdk.samtools.metrics.StringHeader
# Started on: Sun Jul 27 15:19:01 EDT 2025

## METRICS CLASS	picard.analysis.InsertSizeMetrics
MEDIAN_INSERT_SIZE	MODE_INSERT_SIZE	MEDIAN_ABSOLUTE_DEVIATION	MIN_INSERT_SIZE	MAX_INSERT_SIZE	MEAN_INSERT_SIZE	STANDARD_DEVIATION	READ_PAIRS	PAIR_ORIENTATION	WIDTH_OF_10_PERCENT	WIDTH_OF_20_PERCENT	WIDTH_OF_30_PERCENT	WIDTH_OF_40_PERCENT	WIDTH_OF_50_PERCENT	WIDTH_OF_60_PERCENT	WIDTH_OF_70_PERCENT	WIDTH_OF_80_PERCENT	WIDTH_OF_90_PERCENT	WIDTH_OF_95_PERCENT	WIDTH_OF_99_PERCENT	SAMPLE	LIBRARY	READ_GROUP
255	45	191	23	2000	279.28093	253.467512	944146	FR	113	187	267	331	383	429	915	1689	2537	3013	3401			

## HISTOGRAM	java.lang.Integer
insert_size	All_Reads.fr_count
23	67
24	104
25	90
26	148
27	181
28	241
29	193
30	202
31	215
32	321
33	440
34	574
35	857
36	1023
37	1197
38	1658
39	1913
40	2710
41	2906
42	3959
43	4475
44	4768
45	4908
46	3668
47	3359
48	2736
49	3035
50	3270
51	3503
52	4255
53	4644
54	4657
55	4721
56	3674
57	3738
58	2912
59	2986
60	3061
61	3255
62	3406
63	3877
64	4227
65	3995
66	3779
67	2907
68	3017
69	2389
70	2757
71	3119
72	3587
73	3867
74	3706
75	3135
76	3623
77	2763
78	3271
79	2803
80	2654
81	2900
82	2693
83	3679
84	3384
85	3350
86	3063
87	2872
88	2864
89	3237
90	3278
91	2778
92	2663
93	2714
94	2733
95	3683
96	3020
97	3513
98	2416
99	2186
100	2454
101	2422
102	2881
103	3059
104	2479
105	2442
106	2528
107	2300
108	2485
109	2524
110	2037
111	2022
112	2177
113	2105
114	2450
115	2027
116	2261
117	2017
118	2189
119	2270
120	2261
121	1828
122	1819
123	1669
124	1778
125	1709
126	2276
127	2120
128	2010
129	2024
130	1698
131	1991
132	1752
133	1725
134	1681
135	2088
136	1797
137	2196
138	1964
139	1938
140	1735
141	1649
142	1844
143	1518
144	1691
145	1756
146	1817
147	1924
148	1792
149	1722
150	1880
151	2074
152	2543
153	2188
154	2331
155	1532
156	1645
157	1772
158	2132
159	2081
160	2007
161	1590
162	1719
163	1751
164	2350
165	2063
166	2529
167	2087
168	1955
169	1921
170	1898
171	2200
172	1741
173	2250
174	1742
175	2454
176	2666
177	2678
178	2370
179	1824
180	1893
181	2468
182	2303
183	4314
184	2180
185	2576
186	1960
187	1820
188	2154
189	2180
190	2172
191	1823
192	1611
193	1768
194	1580
195	1275
196	1107
197	1226
198	1144
199	1132
200	1320
201	1163
202	1305
203	1078
204	1116
205	1097
206	1308
207	1284
208	1183
209	1189
210	1072
211	1131
212	1335
213	1097
214	1285
215	1093
216	1149
217	1184
218	1135
219	1186
220	1054
221	1123
222	1050
223	1099
224	1085
225	1072
226	1104
227	1115
228	1110
229	1146
230	975
231	1117
232	952
233	979
234	1039
235	996
236	953
237	995
238	1025
239	922
240	917
241	826
242	806
243	812
244	818
245	917
246	1006
247	997
248	927
249	731
250	900
251	775
252	840
253	768
254	817
255	808
256	739
257	989
258	809
259	787
260	792
261	702
262	805
263	937
264	914
265	737
266	693
267	737
268	715
269	895
270	809
271	884
272	693
273	657
274	691
275	760
276	886
277	792
278	683
279	614
280	588
281	655
282	666
283	664
284	513
285	578
286	605
287	589
288	645
289	513
290	635
291	546
292	592
293	659
294	636
295	508
296	458
297	432
298	469
299	434
300	587
301	519
302	597
303	519
304	489
305	579
306	484
307	467
308	501
309	593
310	498
311	544
312	512
313	507
314	504
315	441
316	471
317	440
318	479
319	504
320	495
321	526
322	474
323	465
324	440
325	439
326	533
327	542
328	567
329	413
330	435
331	463
332	539
333	505
334	492
335	410
336	454
337	458
338	514
339	515
340	512
341	502
342	418
343	413
344	450
345	515
346	427
347	545
348	436
349	578
350	581
351	594
352	550
353	481
354	481
355	656
356	744
357	1100
358	582
359	592
360	434
361	464
362	590
363	579
364	583
365	478
366	422
367	432
368	378
369	323
370	309
371	307
372	307
373	327
374	412
375	350
376	403
377	338
378	356
379	373
380	415
381	403
382	383
383	370
384	348
385	406
386	469
387	410
388	464
389	464
390	437
391	488
392	439
393	516
394	451
395	425
396	440
397	464
398	482
399	447
400	466
401	530
402	520
403	504
404	501
405	496
406	415
407	494
408	407
409	503
410	465
411	469
412	488
413	491
414	499
415	402
416	420
417	406
418	414
419	500
420	527
421	528
422	465
423	435
424	499
425	429
426	445
427	439
428	418
429	446
430	479
431	512
432	469
433	469
434	419
435	459
436	483
437	520
438	484
439	432
440	451
441	410
442	430
443	494
444	469
445	537
446	376
447	428
448	474
449	455
450	531
451	468
452	379
453	346
454	433
455	384
456	420
457	408
458	356
459	351
460	363
461	386
462	362
463	364
464	351
465	337
466	394
467	422
468	347
469	359
470	308
471	283
472	325
473	331
474	363
475	357
476	373
477	330
478	340
479	352
480	344
481	334
482	328
483	377
484	344
485	362
486	312
487	313
488	316
489	286
490	329
491	293
492	336
493	307
494	298
495	322
496	291
497	285
498	316
499	280
500	399
501	297
502	362
503	272
504	304
505	316
506	341
507	333
508	331
509	288
510	294
511	320
512	371
513	343
514	374
515	295
516	304
517	321
518	350
519	341
520	271
521	357
522	304
523	397
524	375
525	438
526	355
527	331
528	413
529	488
530	464
531	726
532	386
533	434
534	299
535	325
536	399
537	386
538	355
539	321
540	339
541	296
542	276
543	222
544	228
545	236
546	248
547	225
548	290
549	272
550	284
551	257
552	270
553	266
554	311
555	315
556	306
557	308
558	284
559	278
560	350
561	317
562	370
563	325
564	331
565	357
566	322
567	386
568	307
569	362
570	330
571	331
572	333
573	354
574	352
575	381
576	367
577	387
578	372
579	411
580	362
581	391
582	351
583	381
584	363
585	364
586	408
587	362
588	351
589	328
590	352
591	343
592	361
593	374
594	436
595	417
596	382
597	349
598	418
599	324
600	397
601	320
602	350
603	363
604	390
605	417
606	396
607	388
608	337
609	369
610	420
611	447
612	410
613	370
614	362
615	338
616	384
617	442
618	392
619	428
620	357
621	371
622	376
623	381
624	435
625	426
626	364
627	347
628	350
629	367
630	317
631	333
632	339
633	291
634	285
635	321
636	334
637	296
638	324
639	299
640	334
641	314
642	319
643	272
644	226
645	274
646	246
647	289
648	304
649	278
650	271
651	294
652	276
653	267
654	281
655	261
656	283
657	284
658	311
659	316
660	264
661	288
662	262
663	245
664	275
665	232
666	245
667	262
668	263
669	240
670	242
671	214
672	220
673	238
674	303
675	257
676	288
677	251
678	240
679	251
680	297
681	281
682	264
683	226
684	243
685	256
686	302
687	284
688	286
689	250
690	244
691	294
692	275
693	290
694	274
695	290
696	236
697	359
698	355
699	321
700	328
701	306
702	334
703	428
704	427
705	615
706	304
707	344
708	273
709	264
710	303
711	340
712	305
713	285
714	255
715	212
716	187
717	188
718	176
719	202
720	151
721	178
722	226
723	216
724	229
725	188
726	206
727	216
728	201
729	257
730	224
731	216
732	207
733	215
734	296
735	261
736	295
737	242
738	286
739	296
740	267
741	318
742	295
743	290
744	267
745	260
746	282
747	304
748	321
749	287
750	338
751	296
752	279
753	283
754	270
755	287
756	254
757	319
758	259
759	299
760	299
761	281
762	322
763	278
764	298
765	256
766	310
767	298
768	305
769	309
770	306
771	302
772	303
773	268
774	296
775	275
776	305
777	308
778	330
779	353
780	298
781	296
782	311
783	326
784	332
785	360
786	325
787	306
788	292
789	303
790	323
791	376
792	297
793	319
794	282
795	254
796	308
797	375
798	353
799	318
800	266
801	281
802	262
803	276
804	292
805	285
806	245
807	264
808	270
809	252
810	259
811	240
812	243
813	255
814	282
815	266
816	257
817	218
818	228
819	211
820	219
821	233
822	282
823	284
824	272
825	235
826	229
827	244
828	211
829	203
830	243
831	233
832	238
833	244
834	233
835	222
836	203
837	190
838	221
839	201
840	246
841	199
842	232
843	222
844	199
845	206
846	223
847	216
848	274
849	233
850	256
851	216
852	225
853	186
854	239
855	235
856	234
857	196
858	215
859	210
860	288
861	239
862	241
863	203
864	185
865	214
866	260
867	228
868	234
869	256
870	233
871	285
872	307
873	264
874	258
875	255
876	314
877	377
878	380
879	495
880	270
881	302
882	230
883	226
884	271
885	245
886	267
887	220
888	198
889	237
890	168
891	156
892	173
893	133
894	163
895	150
896	183
897	175
898	212
899	164
900	181
901	186
902	193
903	198
904	196
905	154
906	192
907	214
908	249
909	231
910	235
911	202
912	233
913	268
914	259
915	265
916	255
917	260
918	251
919	238
920	240
921	250
922	288
923	260
924	241
925	303
926	246
927	282
928	253
929	240
930	226
931	270
932	253
933	232
934	288
935	257
936	274
937	209
938	244
939	220
940	262
941	286
942	293
943	290
944	302
945	273
946	290
947	244
948	241
949	246
950	269
951	254
952	297
953	281
954	288
955	271
956	262
957	289
958	285
959	297
960	293
961	273
962	309
963	289
964	283
965	327
966	294
967	278
968	287
969	255
970	276
971	276
972	293
973	292
974	266
975	259
976	274
977	223
978	239
979	253
980	231
981	247
982	221
983	262
984	218
985	225
986	220
987	253
988	213
989	233
990	235
991	217
992	203
993	178
994	210
995	206
996	200
997	198
998	225
999	180
1000	208

